%YAML:1.0
---
K: !!opencv-matrix
   rows: 3
   cols: 3
   dt: d
   data: [ 462.55131011856639, 0., 291.70618462396897, 0.,
       462.44357899396402, 239.19566908291276, 0., 0., 1. ]
D: !!opencv-matrix
   rows: 1
   cols: 5
   dt: d
   data: [ -0.41342776854350788, 0.22767799949454331,
       6.9372526097831353e-06, 0.00039252806710021244,
       -0.072803869534014576 ]
