%YAML:1.0
---
K: !!opencv-matrix
   rows: 3
   cols: 3
   dt: d
   data: [ 817.305082, 0., 317.201410, 0.,
       821.193611, 245.411098, 0., 0., 1. ]
D: !!opencv-matrix
   rows: 1
   cols: 5
   dt: d
   data: [ -0.007464, 0.082020,
       -0.001506, 0.003547,
       -0. ]
